%YAML:1.0
---
calibration_time: "Thu 09 Aug 2018 01:51:57 PM EDT"
image_width: 1280
image_height: 720
flags: 0
camera_matrix: !!opencv-matrix
   rows: 3
   cols: 3
   dt: d
   data: [ 636.025,      0.,   640.166,
               0.,  634.531,   368.266,
               0.,      0.,                      1. ]
distortion_coefficients: !!opencv-matrix
   rows: 1
   cols: 5
   dt: d
   data: [-0.0569938,0.0617176,-0.000683228,-0.000102159,-0.0190456]
avg_reprojection_error: 1.3376863222123998e+00
